train time: 22.23656678199768
test time: 0.5468945503234863
acc: 0.575497190222739
f1: 0.575497190222739
prec: 0.575497190222739
recall: 0.575497190222739
extract_list: [0, 1, 2, 3, 4, 5, 6, 7, 8, 9, 10, 11, 12, 13, 14, 15, 16, 17, 18, 19, 20, 21, 22, 23, 24, 25, 26, 27, 28, 29, 30, 31, 32, 33, 34, 35, 36, 37, 38, 39, 40]
