train time: 12.081809520721436
test time: 0.18751120567321777
acc: 0.007794865949767767
f1: 0.007794865949767767
prec: 0.007794865949767767
recall: 0.007794865949767767
extract_list: [28, 29, 30, 31, 32, 33, 34, 35, 36, 37, 38, 39, 40]
