train time: 13.850377559661865
test time: 0.20312833786010742
acc: 0.029563137080390125
f1: 0.029563137080390125
prec: 0.029563137080390125
recall: 0.029563137080390125
extract_list: [0, 1, 28, 29, 30, 31, 32, 33, 34, 35, 36, 37, 38, 39, 40]
