train time: 20.540433168411255
test time: 0.437511682510376
acc: 0.1724783090288156
f1: 0.1724783090288156
prec: 0.1724783090288156
recall: 0.1724783090288156
extract_list: [0, 1, 2, 3, 4, 5, 6, 7, 8, 9, 10, 11, 12, 13, 14, 15, 16, 17, 18, 19, 20, 21, 22, 23, 24, 25, 26, 27, 28, 29, 30, 31, 32, 33, 36, 39, 40]
