train time: 187.01472854614258
test time: 8.643039226531982
acc: 0.9866844022046551
f1: 0.9866844022046551
prec: 0.9866844022046551
recall: 0.9866844022046551
extract_list: [0, 1, 28, 29, 30, 31, 32, 33, 34, 35, 36, 37, 38, 39, 40]
