train time: 191.8379876613617
test time: 8.628991842269897
acc: 0.986682583382391
f1: 0.986682583382391
prec: 0.986682583382391
recall: 0.986682583382391
extract_list: [28, 29, 30, 31, 32, 33, 34, 35, 36, 37, 38, 39, 40]
