train time: 178.7338457107544
test time: 9.328739881515503
acc: 0.9867019841532079
f1: 0.9867019841532079
prec: 0.9867019841532079
recall: 0.9867019841532079
extract_list: [0, 1, 2, 3, 4, 5, 6, 7, 8, 9, 10, 11, 12, 13, 14, 15, 16, 17, 18, 19, 20, 21, 22, 23, 24, 25, 26, 27, 28, 29, 30, 31, 32, 33, 36, 39, 40]
