train time: 658.6893665790558
test time: 638.2346861362457
acc: 0.8194952283197902
f1: 0.8194952283197902
prec: 0.8194952283197902
recall: 0.8194952283197902
extract_list: [0, 1, 2, 3, 4, 5, 6, 7, 8, 9, 10, 11, 12, 13, 14, 15, 16, 17, 18, 19, 20, 21, 22, 23, 24, 25, 26, 27, 28, 29, 30, 31, 32, 33, 34, 35, 36, 37, 38, 39, 40]
