train time: 590.1788246631622
test time: 582.0784180164337
acc: 0.7797454740123644
f1: 0.7797454740123643
prec: 0.7797454740123644
recall: 0.7797454740123644
extract_list: [0, 1, 2, 3, 4, 5, 6, 7, 8, 9, 10, 11, 12, 13, 14, 15, 16, 17, 18, 19, 20, 21, 22, 23, 24, 25, 26, 27, 28, 29, 30, 31, 32, 33, 36, 39, 40]
