train time: 390.5991299152374
test time: 559.4883551597595
acc: 0.8778933673008495
f1: 0.8778933673008495
prec: 0.8778933673008495
recall: 0.8778933673008495
extract_list: [0, 1, 28, 29, 30, 31, 32, 33, 34, 35, 36, 37, 38, 39, 40]
