train time: 355.5672564506531
test time: 552.080480337143
acc: 0.8094759427410501
f1: 0.80947594274105
prec: 0.8094759427410501
recall: 0.8094759427410501
extract_list: [28, 29, 30, 31, 32, 33, 34, 35, 36, 37, 38, 39, 40]
